   0.00000000       9.99983400E-02   0.00000000       9.99983400E-02
   1.99999996E-02   9.99983400E-02   3.99999954E-02   5.99983446E-02
   3.99999991E-02   9.99983400E-02   7.99999014E-02   1.99984387E-02
   5.99999987E-02   9.99983400E-02  0.119999215      -2.00008750E-02
   7.99999982E-02   9.99983400E-02  0.159996718      -5.99983782E-02
   9.99999940E-02   9.99983400E-02  0.199989989      -9.99916494E-02
  0.119999997      0.299895018      0.239975125       5.99198937E-02
  0.140000001      0.299895018      0.279946238       1.99487805E-02
  0.159999996      0.299895018      0.319895148      -2.00001299E-02
  0.179999992      0.299895018      0.359811038      -5.99160194E-02
  0.199999988      0.299895018      0.399680018      -9.97850001E-02
  0.219999999      0.498892099      0.439484745       5.94073534E-02
  0.239999995      0.498892099      0.479203939       1.96881592E-02
  0.259999990      0.498892099      0.518812299      -1.99202001E-02
  0.280000001      0.498892099      0.558279812      -5.93877137E-02
  0.299999982      0.498892099      0.597571611      -9.86795127E-02
  0.319999993      0.694396734      0.636647463       5.77492714E-02
  0.340000004      0.694396734      0.675461531       1.89352036E-02
  0.359999985      0.694396734      0.713961840      -1.95651054E-02
  0.379999995      0.694396734      0.752090216      -5.76934814E-02
  0.399999976      0.694396734      0.789781749      -9.53850150E-02
  0.419999987      0.880857468      0.826964676       5.38927913E-02
  0.439999998      0.880857468      0.863559842       1.72976255E-02
  0.459999979      0.880857468      0.899480402      -1.86229348E-02
  0.479999989      0.880857468      0.934632063      -5.37745953E-02
  0.500000000      0.880857468      0.968912423      -8.80549550E-02
  0.519999981       1.04870248       1.00221062       4.64918613E-02
  0.539999962       1.04870248       1.03440785       1.42946243E-02
  0.560000002       1.04870248       1.06537676      -1.66742802E-02
  0.579999983       1.04870248       1.09498096      -4.62784767E-02
  0.599999964       1.04870248       1.12307608      -7.43736029E-02
  0.620000005       1.18351686       1.14950931       3.40075493E-02
  0.639999986       1.18351686       1.17411864       9.39822197E-03
  0.659999967       1.18351686       1.19673443      -1.32175684E-02
  0.680000007       1.18351686       1.21717882      -3.36619616E-02
  0.699999988       1.18351686       1.23526597      -5.17491102E-02
  0.719999969       1.26569593       1.25080287       1.48930550E-02
  0.740000010       1.26569593       1.26358926       2.10666656E-03
  0.759999990       1.26569593       1.27341866      -7.72273540E-03
  0.779999971       1.26569593       1.28007925      -1.43833160E-02
  0.799999952       1.26569593       1.28335321      -1.76572800E-02
  0.819999993       1.27091670       1.28301954      -1.21028423E-02
  0.839999974       1.27091670       1.27885389      -7.93719292E-03
  0.859999955       1.27091670       1.27062964       2.87055969E-04
  0.879999995       1.27091670       1.25811970       1.27969980E-02
  0.899999976       1.27091670       1.24109721       2.98194885E-02
  0.919999957       1.17183793       1.21933770      -4.74997759E-02
  0.939999998       1.17183793       1.19262004      -2.07821131E-02
  0.959999979       1.17183793       1.16072917       1.11087561E-02
  0.979999959       1.17183793       1.12345684       4.83810902E-02
   1.00000000       1.17183793       1.08060455       9.12333727E-02
   1.01999998      0.941450357       1.03198564      -9.05352831E-02
   1.03999996      0.941450357      0.977426648      -3.59762907E-02
   1.05999994      0.941450357      0.916771412       2.46789455E-02
   1.07999992      0.941450357      0.849882185       9.15681720E-02
   1.10000002      0.941450357      0.776642621      0.164807737    
   1.12000000      0.558423281      0.696962059     -0.138538778    
   1.13999999      0.558423281      0.610776007      -5.23527265E-02
   1.15999997      0.558423281      0.518050969       4.03723121E-02
   1.17999995      0.558423281      0.418785930      0.139637351    
   1.19999993      0.558423281      0.313017309      0.245405972    
   1.22000003       1.44529305E-02  0.200819388     -0.186366454    
   1.24000001       1.44529305E-02   8.23116750E-02  -6.78587407E-02
   1.25999999       1.44529305E-02  -4.23432440E-02   5.67961745E-02
   1.27999997       1.44529305E-02 -0.172933504      0.187386438    
   1.29999995       1.44529305E-02 -0.309195608      0.323648542    
   1.31999993     -0.676921666     -0.450812966     -0.226108700    
   1.33999991     -0.676921666     -0.597411633      -7.95100331E-02
   1.36000001     -0.676921666     -0.748559773       7.16381073E-02
   1.38000000     -0.676921666     -0.903762341      0.226840675    
   1.39999998     -0.676921666      -1.06246471      0.385543048    
   1.41999996      -1.47138321      -1.22404718     -0.247336030    
   1.43999994      -1.47138321      -1.38782573      -8.35574865E-02
   1.45999992      -1.47138321      -1.55305064       8.16674232E-02
   1.48000002      -1.47138321      -1.71890950      0.247526288    
   1.50000000      -1.47138321      -1.88452101      0.413137794    
   1.51999998      -2.28717875      -2.04894543     -0.238233328    
   1.53999996      -2.28717875      -2.21118045      -7.59983063E-02
   1.55999994      -2.28717875      -2.37016582       8.29870701E-02
   1.57999992      -2.28717875      -2.52478838      0.237609625    
   1.59999990      -2.28717875      -2.67388344      0.386704683    
   1.62000000      -3.00408530      -2.81624246     -0.187842846    
   1.63999999      -3.00408530      -2.95061779      -5.34675121E-02
   1.65999997      -3.00408530      -3.07573152       7.16462135E-02
   1.67999995      -3.00408530      -3.19028306      0.186197758    
   1.69999993      -3.00408530      -3.29295802      0.288872719    
   1.71999991      -3.47195435      -3.38243842      -8.95159245E-02
   1.74000001      -3.47195435      -3.45741439      -1.45399570E-02
   1.75999999      -3.47195435      -3.51659441       4.46400642E-02
   1.77999997      -3.47195435      -3.55872083       8.67664814E-02
   1.79999995      -3.47195435      -3.58258295      0.110628605    
   1.81999993      -3.53217173      -3.58703017       5.48584461E-02
   1.83999991      -3.53217173      -3.57098985       3.88181210E-02
   1.86000001      -3.53217173      -3.53348041       1.30867958E-03
   1.88000000      -3.53217173      -3.47363114      -5.85405827E-02
   1.89999998      -3.53217173      -3.39069629     -0.141475439    
   1.91999996      -3.05336761      -3.28407216      0.230704546    
   1.93999994      -3.05336761      -3.15331674       9.99491215E-02
   1.95999992      -3.05336761      -2.99816346      -5.52041531E-02
   1.97999990      -3.05336761      -2.81853795     -0.234829664    
   2.00000000      -3.05336761      -2.61457443     -0.438793182    
   2.01999998      -1.97825205      -2.38663292      0.408380866    
   2.03999996      -1.97825205      -2.13530874      0.157056689    
   2.05999994      -1.97825205      -1.86144209     -0.116809964    
   2.07999992      -1.97825205      -1.56613898     -0.412113070    
   2.09999990      -1.97825205      -1.25076938     -0.727482677    
   2.11999989     -0.372407794     -0.916972339      0.544564545    
   2.13999987     -0.372407794     -0.566670656      0.194262862    
   2.15999985     -0.372407794     -0.202057451     -0.170350343    
   2.18000007     -0.372407794      0.174403250     -0.546811044    
   2.20000005     -0.372407794      0.559966505     -0.932374299    
   2.22000003       1.54099369      0.951647878      0.589345813    
   2.24000001       1.54099369       1.34621537      0.194778323    
   2.25999999       1.54099369       1.74021220     -0.199218512    
   2.27999997       1.54099369       2.12998772     -0.588994026    
   2.29999995       1.54099369       2.51171041     -0.970716715    
   2.31999993       3.38127327       2.88141322      0.499860048    
   2.33999991       3.38127327       3.23502731      0.146245956    
   2.35999990       3.38127327       3.56841278     -0.187139511    
   2.37999988       3.38127327       3.87741685     -0.496143579    
   2.39999986       3.38127327       4.15791178     -0.776638508    
   2.41999984       4.66462898       4.40585566      0.258773327    
   2.44000006       4.66462898       4.61734295       4.72860336E-02
   2.46000004       4.66462898       4.78865433     -0.124025345    
   2.48000002       4.66462898       4.91633701     -0.251708031    
   2.50000000       4.66462898       4.99724722     -0.332618237    
   2.51999998       4.92130613       5.02861929     -0.107313156    
   2.53999996       4.92130613       5.00812721      -8.68210793E-02
   2.55999994       4.92130613       4.93394041      -1.26342773E-02
   2.57999992       4.92130613       4.80478621      0.116519928    
   2.59999990       4.92130613       4.62000036      0.301305771    
   2.61999989       3.86181927       4.37957430     -0.517755032    
   2.63999987       3.86181927       4.08420467     -0.222385406    
   2.65999985       3.86181927       3.73532367      0.126495600    
   2.67999983       3.86181927       3.33512855      0.526690722    
   2.70000005       3.86181927       2.88659739      0.975221872    
   2.72000003       1.54768729       2.39351511     -0.845827818    
   2.74000001       1.54768729       1.86044204     -0.312754750    
   2.75999999       1.54768729       1.29270923      0.254978061    
   2.77999997       1.54768729      0.696401417      0.851285875    
   2.79999995       1.54768729       7.82964155E-02   1.46939087    
   2.81999993      -1.50539064     -0.554182410     -0.951208234    
   2.83999991      -1.50539064      -1.19303799     -0.312352657    
   2.85999990      -1.50539064      -1.82979643      0.324405789    
   2.87999988      -1.50539064      -2.45558739      0.950196743    
   2.89999986      -1.50539064      -3.06128383       1.55589318    
   2.91999984      -4.37244892      -3.63761115     -0.734837770    
   2.93999982      -4.37244892      -4.17529154     -0.197157383    
   2.96000004      -4.37244892      -4.66519737      0.292748451    
   2.98000002      -4.37244892      -5.09847879      0.726029873    
   3.00000000      -4.37244892      -5.46678162       1.09433270    
   3.01999998      -5.96283007      -5.76236200     -0.200468063    
   3.03999996      -5.96283007      -5.97828054       1.54504776E-02
   3.05999994      -5.96283007      -6.10855055      0.145720482    
   3.07999992      -5.96283007      -6.14830828      0.185478210    
   3.09999990      -5.96283007      -6.09395170      0.131121635    
   3.11999989      -5.43713570      -5.94328260      0.506146908    
   3.13999987      -5.43713570      -5.69561672      0.258481026    
   3.15999985      -5.43713570      -5.35189533      -8.52403641E-02
   3.17999983      -5.43713570      -4.91474104     -0.522394657    
   3.19999981      -5.43713570      -4.38852835      -1.04860735    
   3.22000003      -2.66554022      -3.77937007       1.11382985    
   3.24000001      -2.66554022      -3.09515381      0.429613590    
   3.25999999      -2.66554022      -2.34541583     -0.320124388    
   3.27999997      -2.66554022      -1.54131782      -1.12422240    
   3.29999995      -2.66554022     -0.695500612      -1.97003961    
   3.31999993       1.49536216      0.178100720       1.31726146    
   3.33999991       1.49536216       1.06441247      0.430949688    
   3.35999990       1.49536216       1.94750273     -0.452140570    
   3.37999988       1.49536216       2.81082535      -1.31546319    
   3.39999986       1.49536216       3.63752532      -2.14216328    
   3.41999984       5.33776903       4.41076040      0.927008629    
   3.43999982       5.33776903       5.11406422      0.223704815    
   3.46000004       5.33776903       5.73167944     -0.393910408    
   3.48000002       5.33776903       6.24892569     -0.911156654    
   3.50000000       5.33776903       6.65259600      -1.31482697    
   3.51999998       6.94662046       6.93128204       1.53384209E-02
   3.53999996       6.94662046       7.07572031     -0.129099846    
   3.55999994       6.94662046       7.07910633     -0.132485867    
   3.57999992       6.94662046       6.93736172       9.25874710E-03
   3.59999990       6.94662046       6.64936876      0.297251701    
   3.61999989       5.18132830       6.21713877      -1.03581047    
   3.63999987       5.18132830       5.64591932     -0.464591026    
   3.65999985       5.18132830       4.94426012      0.237068176    
   3.67999983       5.18132830       4.12393332       1.05739498    
   3.69999981       5.18132830       3.19986367       1.98146462    
   3.72000003      0.528195977       2.18990517      -1.66170919    
   3.74000001      0.528195977       1.11459184     -0.586395860    
   3.75999999      0.528195977      -3.25618940E-03  0.531452179    
   3.77999997      0.528195977      -1.13896644       1.66716242    
   3.79999995      0.528195977      -2.26651096       2.79470682    
   3.81999993      -4.76858568      -3.35908842      -1.40949726    
   3.83999991      -4.76858568      -4.38975096     -0.378834724    
   3.85999990      -4.76858568      -5.33206701      0.563481331    
   3.87999988      -4.76858568      -6.16083479       1.39224911    
   3.89999986      -4.76858568      -6.85274267       2.08415699    
   3.91999984      -7.65540314      -7.38709688     -0.268306255    
   3.93999982      -7.65540314      -7.74645662       9.10534859E-02
   3.95999980      -7.65540314      -7.91724682      0.261843681    
   3.98000002      -7.65540314      -7.89029551      0.234892368    
   4.00000000      -7.65540314      -7.66127586       5.87272644E-03
   4.01999998      -6.04226398      -7.23105049       1.18878651    
   4.03999996      -6.04226398      -6.60587883      0.563614845    
   4.05999994      -6.04226398      -5.79748726     -0.244776726    
   4.07999992      -6.04226398      -4.82297564      -1.21928835    
   4.09999990      -6.04226398      -3.70460010      -2.33766389    
   4.11999989     -0.433287174      -2.46938515       2.03609800    
   4.13999987     -0.433287174      -1.14853549      0.715248346    
   4.15999985     -0.433287174      0.223278806     -0.656565964    
   4.17999983     -0.433287174       1.60872579      -2.04201293    
   4.19999981     -0.433287174       2.96883297      -3.40212011    
   4.21999979       5.83601570       4.26406240       1.57195330    
   4.23999977       5.83601570       5.45542955      0.380586147    
   4.25999975       5.83601570       6.50569725     -0.669681549    
   4.27999973       5.83601570       7.38061047      -1.54459476    
   4.29999971       5.83601570       8.05005074      -2.21403503    
   4.31999969       8.40423107       8.48911858      -8.48875046E-02
   4.33999968       8.40423107       8.67915440     -0.274923325    
   4.36000013       8.40423107       8.60855865     -0.204327583    
   4.38000011       8.40423107       8.27348232      0.130748749    
   4.40000010       8.40423107       7.67824078      0.725990295    
   4.42000008       4.96960306       6.83553982      -1.86593676    
   4.44000006       4.96960306       5.76638126     -0.796778202    
   4.46000004       4.96960306       4.49975395      0.469849110    
   4.48000002       4.96960306       3.07196069       1.89764237    
   4.50000000       4.96960306       1.52576566       3.44383740    
   4.51999998      -2.46819258      -9.08205733E-02  -2.37737203    
   4.53999996      -2.46819258      -1.72595382     -0.742238760    
   4.55999994      -2.46819258      -3.32553124      0.857338667    
   4.57999992      -2.46819258      -4.83494282       2.36675024    
   4.59999990      -2.46819258      -6.20105410       3.73286152    
   4.61999989      -8.37395477      -7.37394857      -1.00000620    
   4.63999987      -8.37395477      -8.30896950      -6.49852753E-02
   4.65999985      -8.37395477      -8.96841049      0.594455719    
   4.67999983      -8.37395477      -9.32316208      0.949207306    
   4.69999981      -8.37395477      -9.35411167      0.980156898    
   4.71999979      -7.68159771      -9.05321121       1.37161350    
   4.73999977      -7.68159771      -8.42420197      0.742604256    
   4.75999975      -7.68159771      -7.48292208     -0.198675632    
   4.77999973      -7.68159771      -6.25720453      -1.42439318    
   4.79999971      -7.68159771      -4.78626728      -2.89533043    
   4.81999969     -0.344396561      -3.11965060       2.77525401    
   4.83999968     -0.344396561      -1.31576920      0.971372604    
   4.85999966     -0.344396561      0.560062945     -0.904459476    
   4.88000011     -0.344396561       2.43788767      -2.78228426    
   4.90000010     -0.344396561       4.24549389      -4.58989048    
   4.92000008     -0.344396561       5.91150665      -6.25590324    
   4.94000006     -0.344396561       7.36798286      -7.71237946    
   4.96000004     -0.344396561       8.55332088      -8.89771748    
   4.98000002     -0.344396561       9.41499901      -9.75939560    
   5.00000000     -0.344396561       9.91202831      -10.2564249    
